# p01image2.txt -- Sample Image #2

1 4 0 1 1 0 1 1 0 1 0 0 1 0 0 
0 0 1 1 0 9 0 0 1 0 0 1 1 1 2 
1 1 1 9 1 1 0 1 0 0 0 1 0 1 0 
1 0 3 3 1 3 7 0 9 2 0 0 8 0 1 
0 0 1 1 0 0 1 0 3 1 2 1 1 0 1 
1 4 0 8 1 0 5 0 0 8 1 0 0 1 1 
0 1 0 0 1 0 0 1 0 8 0 0 8 0 1 
1 1 1 3 1 0 1 0 1 1 0 1 0 0 1 
4 5 1 4 1 0 1 1 2 1 9 8 9 0 5 
1 3 0 0 0 1 0 2 0 0 1 0 0 3 0 
1 0 8 1 1 9 0 1 1 0 0 0 1 1 0 
1 0 1 0 0 2 9 0 0 1 0 0 1 1 0 
0 0 1 1 0 0 0 0 3 5 0 1 5 0 5 
2 0 7 0 1 0 3 5 0 6 2 1 1 1 1 
1 5 0 1 0 4 1 0 0 2 1 1 6 0 5 
