16482
28905
26183
22666
9664
26342
1587
12704
4094
23596
9459
3914
29436
12112
14330
1337
3107
31257
15633
29246
25721
26178
20807
20408
19472
11827
25427
6293
19782
25126
3492
3496
21263
29675
26163
30927
23250
27750
10863
27344
18578
20322
31258
15246
32434
12820
16583
2773
11310
32216
32020
4263
25626
20059
24672
12331
31886
17331
18624
18900
9689
22116
22397
30952
19024
15792
29111
9506
10774
7206
4082
29352
27528
2573
11831
27195
15393
28414
29968
26703
27863
29220
30967
20721
16511
22871
284
15630
7434
18909
1762
17123
8257
24159
15307
27281
7183
11650
4019
17957
18856
8102
14542
13616
10675
26373
8043
26068
22019
5244
20004
17114
1696
18203
5068
18208
8306
5352
1070
15740
24261
2832
95
32519
26992
15402
27032
1407
27052
31052
19365
13140
6386
1139
26756
17061
27512
2032
10361
16763
7276
30365
1110
8972
15800
6178
27180
24106
11530
28250
7078
3024
31083
7173
2775
25307
22575
29807
26714
16859
28091
13311
29999
1709
14450
23988
18770
9194
26020
29132
25958
528
26729
27068
9500
9762
478
3913
1100
12008
32163
8179
15032
30478
15352
17807
23017
5160
14847
16964
22019
10170
30275
19251
11880
11958
10471
30650
21152
3723
