R S  RYG TIME
11   100    0
01   100    1
00   100    2
01   100    3
00   100    4
01   100    5
10   100    6
10   010    7
00   100    8
00   100    9
00   100   10
10   100   11
10   010   12
10   001   13
00   100   14
10   100   15
10   010   16
10   001   17
11   001   18
01   100   19
11   100   20
10   100   21   
10   010   22
11   001   23
10   001   24
11   001   25
10   100   26
00   100   27
10   100   28
11   010   29
10   001   30
11   001   31
10   001   32
11   100   33
10   100   34
11   010   35
10   001   36
11   001   37
11   001   38
